CONFUSION MATRIX
[[ 394   17  191  165]
 [  34   56   32   27]
 [  96   18 1390  282]
 [ 782  252 1171 5088]]
Normalized confusion matrix
[[ 0.5136897   0.02216428  0.24902216  0.21512386]
 [ 0.22818792  0.37583893  0.2147651   0.18120805]
 [ 0.0537514   0.01007839  0.77827548  0.15789474]
 [ 0.10722611  0.03455368  0.16056493  0.69765529]]
CROSS VALIDATION F1 SCORE
[ 0.7421709   0.73499509  0.73675397  0.74000469  0.74336147]
FNC1 Official Score:
Score: 5753.0 out of 8171.75	(70.4010768807%)
