CONFUSION MATRIX
[[ 391   19  238  161]
 [  41   25   70   33]
 [ 115   13 1135  375]
 [1128  373 1572 4440]]
Normalized confusion matrix
[[ 0.48331273  0.02348578  0.29419036  0.19901112]
 [ 0.24260355  0.14792899  0.41420118  0.19526627]
 [ 0.07020757  0.00793651  0.69291819  0.22893773]
 [ 0.15013976  0.04964728  0.20923732  0.59097564]]
CROSS VALIDATION F1 SCORE
[ 0.77482173  0.77502582  0.78323585  0.77724526  0.78108363]
FNC1 Official Score:
Score: 5005.0 out of 8250.75	(60.6611520165%)